ISS [Orbit 1204]        
1 25544U 98067A   16214.58297527  .00016717  00000-0  10270-3 0  9006
2 25544  51.6387 191.5305 0001882  90.2779 269.8590 15.54933053 12043
ISS [Orbit 1219]        
1 25544U 98067A   16215.54702927  .00016717  00000-0  10270-3 0  9019
2 25544  51.6388 186.7185 0001951  87.5972 272.5405 15.54902300 12190
ISS [Orbit 1235]        
1 25544U 98067A   16216.57534739  .00016717  00000-0  10270-3 0  9028
2 25544  51.6401 181.5872 0001726  92.3765 267.7586 15.54937015 12351
ISS [Orbit 1244]        
1 25544U 98067A   16217.15377472  .00016717  00000-0  10270-3 0  9033
2 25544  51.6428 178.6970 0001869 108.2514 251.8842 15.54941059 12445
ISS [Orbit 1259]        
1 25544U 98067A   16218.11781911  .00016717  00000-0  10270-3 0  9048
2 25544  51.6429 173.8869 0001831 108.4674 251.6679 15.54912662 12598
ISS [Orbit 1275]        
1 25544U 98067A   16219.14612886  .00016717  00000-0  10270-3 0  9057
2 25544  51.6431 168.7548 0001817 111.7048 248.4299 15.54950456 12757
ISS [Orbit 1290]        
1 25544U 98067A   16220.11016644  .00016717  00000-0  10270-3 0  9067
2 25544  51.6431 163.9447 0001858 115.2183 244.9163 15.54949716 12901
ISS [Orbit 1293]        
1 25544U 98067A   16220.30297362  .00016717  00000-0  10270-3 0  9077
2 25544  51.6419 162.9833 0002049 105.0914 255.0466 15.54933962 12935
ISS [Orbit 1308]        
1 25544U 98067A   16221.26700629  .00016717  00000-0  10270-3 0  9089
2 25544  51.6429 158.1726 0001938 109.0642 251.0721 15.54924931 13085
ISS [Orbit 1324]        
1 25544U 98067A   16222.29530383  .00016717  00000-0  10270-3 0  9092
2 25544  51.6410 153.0407 0002047 110.5928 249.5445 15.54948197 13244
ISS [Orbit 1339]        
1 25544U 98067A   16223.25932805  .00016717  00000-0  10270-3 0  9106
2 25544  51.6424 148.2297 0001834 112.2268 247.9080 15.54931683 13396
ISS [Orbit 1341]        
1 25544U 98067A   16223.38786522  .00016717  00000-0  10270-3 0  9114
2 25544  51.6399 147.5875 0001869 110.3024 249.8330 15.54947069 13415
ISS [Orbit 1357]        
1 25544U 98067A   16224.41615124  .00016717  00000-0  10270-3 0  9129
2 25544  51.6397 142.4560 0001666 115.1028 245.0298 15.54978464 13571
ISS [Orbit 1372]        
1 25544U 98067A   16225.38016697  .00016717  00000-0  10270-3 0  9137
2 25544  51.6396 137.6441 0001708 117.0165 243.1163 15.54952667 13728
ISS [Orbit 1388]        
1 25544U 98067A   16226.40844363  .00016717  00000-0  10270-3 0  9141
2 25544  51.6409 132.5122 0001631 120.9864 239.1449 15.54972740 13880
ISS [Orbit 1403]        
1 25544U 98067A   16227.37244729  .00016717  00000-0  10270-3 0  9159
2 25544  51.6409 127.7008 0001588 121.0735 239.0574 15.54967797 14031
ISS [Orbit 1419]        
1 25544U 98067A   16228.40071384  .00016717  00000-0  10270-3 0  9160
2 25544  51.6414 122.5689 0001601 123.9461 236.1844 15.54983757 14197
ISS [Orbit 1434]        
1 25544U 98067A   16229.36470814  .00016717  00000-0  10270-3 0  9178
2 25544  51.6416 117.7580 0001553 130.5735 229.5554 15.54996195 14340
