ISS (ZARYA)             
1 25544U 98067A   21169.21312520  .00001377  00000-0  33159-4 0  9998
2 25544  51.6449 337.6500 0003500 104.2716  67.7854 15.48996804288755
KESTREL EYE IIM (KE2M)  
1 42982U 98067NE  21168.54480641  .00076049  13605-4  18146-3 0  9993
2 42982  51.6223 191.5090 0004178  31.1160 329.0095 15.96700404208771
TEMPEST-D               
1 43547U 98067NV  21169.08831984  .01623967  22950-2  11131-2 0  9996
2 43547  51.6200 234.4638 0009109 339.1994  20.8650 16.16361181167106
AEROCUBE 12A            
1 43556U 18046C   21169.11945076  .00002139  00000-0  80483-4 0  9996
2 43556  51.6397 146.2630 0007587 161.3484 198.7777 15.31788629163389
AEROCUBE 12B            
1 43557U 18046D   21169.14935662  .00002883  00000-0  10623-3 0  9994
2 43557  51.6394 147.9285 0007835 161.3075 198.8194 15.31183623163313
LEMUR-2-VU              
1 43558U 18046E   21168.88546349  .00003851  00000-0  12672-3 0  9997
2 43558  51.6391 139.6499 0006465 165.5348 194.5820 15.33948013163440
LEMUR-2-ALEXANDER       
1 43559U 18046F   21168.87108101  .00004766  00000-0  15293-3 0  9995
2 43559  51.6387 138.8257 0006464 165.4261 194.6908 15.34195970163233
LEMUR-2-YUASA           
1 43560U 18046G   21169.04930662  .00005035  00000-0  16244-3 0  9999
2 43560  51.6397 139.2397 0006481 180.7815 179.3158 15.33894030163464
LEMUR-2-TOMHENDERSON    
1 43561U 18046H   21169.13074213  .00005159  00000-0  16768-3 0  9999
2 43561  51.6392 139.7657 0006834 177.2393 182.8627 15.33599390163021
1998-067PN              
1 43638U 98067PN  21168.59031281  .00056829  00000-0  24537-3 0  9995
2 43638  51.6290 244.0761 0004722 343.4314  16.6534 15.84365203154091
STARS-ME                
1 43640U 98067PQ  21169.16073180  .00621874  22633-3  51173-3 0  9999
2 43640  51.6158 221.9387 0010051 356.9998   3.0956 16.13275089154435
ISS DEB (SEDA-AP)       
1 43870U 98067PU  21169.05876412  .00007419  00000-0  87627-4 0  9999
2 43870  51.6356 288.0712 0003527 338.5160  21.5686 15.62469822141718
UNITE                   
1 44031U 98067PX  21168.64034044  .00045805  00000-0  25595-3 0  9996
2 44031  51.6380 264.1861 0003586 338.1974  21.8874 15.78890111135709
ISS DEB                 
1 44303U 98067QA  21169.10643127  .00007920  00000-0  10415-3 0  9999
2 44303  51.6392 309.5960 0004535 248.4791 111.5719 15.59504505116716
ISS DEB                 
1 44306U 98067QD  21168.87255567  .00009448  00000-0  11997-3 0  9995
2 44306  51.6378 310.1772 0005682 245.4426 114.5975 15.60165648116695
RAAVANA-1               
1 44329U 98067QE  21168.60580095  .00057570  00000-0  33772-3 0  9992
2 44329  51.6359 284.2977 0005416 301.3162  58.7308 15.77695951114185
UGUISU                  
1 44330U 98067QF  21168.85724103  .00057635  00000-0  34644-3 0  9992
2 44330  51.6311 283.6297 0005469 299.5854  60.4601 15.77146138114192
NEPALISAT-1             
1 44331U 98067QG  21168.60166554  .00057277  00000-0  33752-3 0  9997
2 44331  51.6333 284.1739 0005334 300.1072  59.9399 15.77597229114172
SPOOQY-1                
1 44332U 98067QH  21168.81089979  .00055113  00000-0  33928-3 0  9998
2 44332  51.6330 284.1152 0004960 305.5959  54.4578 15.76628215114152
RED-EYE 1 (PINOT)       
1 44364U 98067QJ  21168.81323108  .00010079  00000-0  13109-3 0  9999
2 44364  51.6394 312.1269 0005837 243.2406 116.7990 15.59435881112241
KRAKSAT                 
1 44427U 98067QM  21169.21008361  .00024518  00000-0  22588-3 0  9999
2 44427  51.6399 296.6193 0002876 251.3582 178.3962 15.67486334111591
VCC A                   
1 44428U 98067QN  21168.86026414  .00051517  00000-0  33786-3 0  9990
2 44428  51.6351 287.5929 0003593 286.2801  73.7804 15.75217453111680
ENTRYSAT                
1 44429U 98067QP  21168.60636537  .00130243  00000-0  49421-3 0  9993
2 44429  51.6270 278.1457 0006222 312.4083  47.6395 15.86703233111783
VCC B                   
1 44431U 98067QR  21167.67112660  .00055439  00000-0  35454-3 0  9992
2 44431  51.6323 293.0483 0003481 279.8912  80.1694 15.75764880111441
ISS DEB                 
1 44789U 98067QU  21162.58449091  .09083592  12427-4  88933-3 0  9994
2 44789  51.6111 314.3411 0012700 300.8738  59.1038 16.37153671 89727
RWASAT-1                
1 44790U 98067QV  21168.98522056  .00012236  00000-0  15478-3 0  9991
2 44790  51.6399 316.7839 0006146 293.9392 157.2707 15.59935570 89533
AQT-D                   
1 44791U 98067QW  21169.12863986  .00012843  00000-0  16104-3 0  9990
2 44791  51.6395 316.5253 0005678 267.0043  93.0300 15.60118373 89556
NARSSCUBE-1             
1 44792U 98067QX  21169.09838242  .00029652  00000-0  28023-3 0  9993
2 44792  51.6364 307.9604 0004341 287.9769  72.0753 15.66734575 89664
STPSAT-4                
1 45043U 98067QY  21168.70917212  .00007226  00000-0  11563-3 0  9999
2 45043  51.6412 332.3911 0004563 275.9721  84.0749 15.54286401 78542
HARP                    
1 45256U 98067QZ  21168.82602645  .00016072  00000-0  20838-3 0  9993
2 45256  51.6426 324.2425 0005809 272.1690  87.8638 15.59010374 75332
1998-067RA              
1 45257U 98067RA  21169.12860943  .00011319  00000-0  15532-3 0  9999
2 45257  51.6393 323.9544 0006410 274.9919  85.0342 15.57845436 75365
PHOENIX                 
1 45258U 98067RB  21168.81586788  .00009879  00000-0  14244-3 0  9994
2 45258  51.6404 327.1017 0005187 252.8997 107.1427 15.56679610 75268
1998-067RC              
1 45259U 98067RC  21168.72537830  .00021375  00000-0  24666-3 0  9993
2 45259  51.6393 321.2577 0005687 272.1496  87.8847 15.61852499 75361
CRYOCUBE                
1 45260U 98067RD  21168.74012133  .00036255  00000-0  37628-3 0  9996
2 45260  51.6381 319.8484 0006277 272.5731  87.4546 15.64262369 75391
AZTECHSAT-1             
1 45261U 98067RE  21168.79789564  .00032237  00000-0  31907-3 0  9991
2 45261  51.6367 316.4604 0006017 274.6697  85.3612 15.65523392 75432
RADSAT-U                
1 45262U 98067RF  21168.82492412  .00013050  00000-0  17555-3 0  9994
2 45262  51.6418 324.9848 0005169 308.3154  51.7374 15.58228009 75334
QARMAN                  
1 45263U 98067RG  21168.71637267  .00022494  00000-0  26051-3 0  9995
2 45263  51.6392 321.9430 0005776 268.0159  92.0174 15.61723707 75381
SORTIE                  
1 45264U 98067RH  21168.84889883  .00008031  00000-0  12458-3 0  9990
2 45264  51.6422 329.6148 0006409 277.9622  82.0642 15.54965735 75262
ICS-EF (ISS DEB)        
1 45265U 98067RJ  21168.79561225  .00003648  00000-0  66021-4 0  9997
2 45265  51.6421 334.4578 0004563 276.5424  83.5047 15.52474139 74879
G-SAT                   
1 45597U 98067RK  21168.66860637  .00013042  00000-0  17692-3 0  9998
2 45597  51.6406 327.6487 0003387 331.9443  28.1367 15.58008810 64642
QUETZAL-1               
1 45598U 98067RL  21168.82467091  .00019490  00000-0  24404-3 0  9996
2 45598  51.6405 325.6884 0001349 350.5906   9.5062 15.59791959 64614
RED-EYE 2 (MERLOT)      
1 45800U 98067RM  21168.87103557  .00006780  00000-0  11225-3 0  9996
2 45800  51.6426 333.4933 0000569 296.4756  63.6176 15.53443380 56758
RED-EYE 3 (CABERNET)    
1 45809U 98067RN  21168.74270035  .00006685  00000-0  11078-3 0  9997
2 45809  51.6423 334.1363 0000758 270.1152  89.9751 15.53442268 55717
DEMI                    
1 45916U 98067RP  21168.76990661  .00019689  00000-0  25700-3 0  9997
2 45916  51.6414 328.3369 0002339 214.1802 145.9040 15.58679336 52785
SPOC                    
1 46921U 98067RR  21168.78016483  .00010150  00000-0  15870-3 0  9998
2 46921  51.6429 334.4056 0002165  88.7882 271.3357 15.54418436 34917
BOBCAT-1                
1 46922U 98067RS  21168.73010561  .00015026  00000-0  21757-3 0  9993
2 46922  51.6433 333.3402 0001749 100.2016 259.9173 15.56104292 34880
NEUTRON-1               
1 46923U 98067RT  21168.73144086  .00010713  00000-0  16787-3 0  9999
2 46923  51.6427 334.8275 0002172 102.5210 257.6024 15.54289691 34931
1998-067RU              
1 46924U 98067RU  21168.70034654  .00027841  00000-0  34435-3 0  9996
2 46924  51.6408 330.8618 0001780 160.7720 199.3341 15.59883647 34956
LEMUR-2-BAXTER-OLIVER   
1 46925U 98067RV  21169.03206693  .00033936  00000-0  40500-3 0  9990
2 46925  51.6429 328.6128 0001808 162.3573 197.7484 15.60716196 34963
LEMUR-2-DJARA           
1 46926U 98067RW  21168.89051459  .00027879  00000-0  34593-3 0  9996
2 46926  51.6432 329.9166 0001138 140.2305 219.8771 15.59798675 34963
DESCENT                 
1 46927U 98067RX  21168.73647959  .00010628  00000-0  16672-3 0  9998
2 46927  51.6426 334.8584 0002395 121.7641 238.3584 15.54268273 34845
PROGRESS-MS 16          
1 47618U 21011A   21168.55650506  .00000828  00000-0  23203-4 0  9993
2 47618  51.6445 340.8962 0003471 102.6083   5.4597 15.48991858288657
CYGNUS NG-15            
1 47689U 21013A   21168.55650506  .00000828  00000-0  23203-4 0  9993
2 47689  51.6445 340.8962 0003471 102.6083   5.4597 15.48991858288655
ISS DEB                 
1 47853U 98067RZ  21168.77180151  .00001881  00000-0  41592-4 0  9998
2 47853  51.6441 339.5760 0003315  94.4818 265.6550 15.49518053 15319
RSP-01                  
1 47925U 98067SB  21168.75469465  .00010731  00000-0  18500-3 0  9990
2 47925  51.6436 338.7180 0002007  51.4775 308.6395 15.51607034 14823
TAUSAT-1                
1 47926U 98067SC  21168.98544883  .00012391  00000-0  20765-3 0  9994
2 47926  51.6429 337.2590 0002990  47.4915 312.6327 15.52244675 14859
TSURU                   
1 47927U 98067SD  21168.88798153  .00009769  00000-0  17008-3 0  9996
2 47927  51.6439 338.1081 0002116  49.1255 310.9918 15.51448050 14840
STARS-EC                
1 47928U 98067SE  21169.01653547  .00013599  00000-0  23156-3 0  9997
2 47928  51.6431 337.4610 0005807 116.2705 243.8882 15.51690118 14847
MMSATS-1                
1 47976U 98067SJ  21168.95679750  .00003734  00000-0  73733-4 0  9993
2 47976  51.6473 338.5436 0003149  94.2172 265.9178 15.49856990 13621
SOYUZ-MS 18             
1 48159U 21029A   21168.55650506  .00000828  00000-0  23203-4 0  9993
2 48159  51.6445 340.8962 0003471 102.6083   5.4597 15.48991858288658
CREW DRAGON 2           
1 48209U 21030A   21168.55650506  .00000828  00000-0  23203-4 0  9991
2 48209  51.6445 340.8962 0003471 102.6083   5.4597 15.48991858288654
TIANHE                  
1 48274U 21035A   21169.20344738  .00010971  00000-0  12345-3 0  9992
2 48274  41.4695 276.9242 0008793 302.0488 132.2597 15.62446591  7852
TIANZHOU-2              
1 48803U 21046A   21168.37024928  .00003482  00000-0  41927-4 0  9993
2 48803  41.4705 282.0029 0008956 300.7849 120.8320 15.62402141  7726
DRAGON CRS-22           
1 48831U 21048A   21168.55650506  .00000828  00000-0  23203-4 0  9991
2 48831  51.6445 340.8962 0003471 102.6083   5.4597 15.48991858288655
SOAR                    
1 48850U 98067SL  21168.40690483  .00007735  00000-0  14517-3 0  9990
2 48850  51.6431 341.6295 0004752 137.9220 222.2134 15.49638496   505
RAMSAT                  
1 48851U 98067SM  21168.79378977  .00019671  00000-0  35532-3 0  9996
2 48851  51.6430 339.7144 0004526 138.1077 222.0258 15.49709593   601
SHENZHOU-12             
1 48852U 21053A   21168.37024928  .00003482  00000-0  41927-4 0  9995
2 48852  41.4705 282.0029 0008956 300.7849 120.8320 15.62402141  7720
2021-053B               
1 48853U 21053B   21168.66603688 -.00002410  76255-5  00000+0 0  9997
2 48853  41.4644 280.0275 0099225 127.3203 233.6976 16.04058939    92
